Average node displacement, Average absolute node displacement, Iteration number
0.00,0.00,0
0,0,50
-6.77504e-08,6.77504e-08,100
-3.66384e-08,3.83077e-08,150
-7.07264e-08,7.17189e-08,200
-1.67275e-07,1.67275e-07,250
-2.99669e-07,2.99669e-07,300
-4.3979e-07,4.3979e-07,350
-5.76224e-07,5.76445e-07,400
-7.73797e-07,7.73882e-07,450
-9.95413e-07,9.95571e-07,500
-1.23162e-06,1.23166e-06,550
-1.39925e-06,1.39954e-06,600
-1.47627e-06,1.47678e-06,650
-1.48806e-06,1.48932e-06,700
-1.46963e-06,1.47136e-06,750
-1.45173e-06,1.45331e-06,800
-1.44017e-06,1.44274e-06,850
-1.41884e-06,1.42172e-06,900
-1.40772e-06,1.41081e-06,950
-1.38412e-06,1.38624e-06,1000
-1.35834e-06,1.35994e-06,1050
-1.34069e-06,1.34178e-06,1100
-1.32563e-06,1.32937e-06,1150
-1.30061e-06,1.30396e-06,1200
-1.28966e-06,1.29424e-06,1250
-1.26618e-06,1.26823e-06,1300
-1.24113e-06,1.24432e-06,1350
-1.21719e-06,1.22043e-06,1400
-1.19151e-06,1.19414e-06,1450
-1.16926e-06,1.17298e-06,1500
-1.16184e-06,1.16714e-06,1550
-1.14699e-06,1.15065e-06,1600
-1.12494e-06,1.12743e-06,1650
-1.11113e-06,1.11546e-06,1700
-1.09605e-06,1.09902e-06,1750
-1.09022e-06,1.09461e-06,1800
-1.09554e-06,1.09715e-06,1850
-1.1135e-06,1.1167e-06,1900
-1.18501e-06,1.19067e-06,1950
-1.54097e-06,1.56147e-06,2000
-1.80567e-06,1.80792e-06,2050
-1.882e-06,1.8838e-06,2100
-1.98006e-06,1.98235e-06,2150
-2.01752e-06,2.01752e-06,2200
-2.0016e-06,2.00794e-06,2250
-2.04751e-06,2.04751e-06,2300
-2.05689e-06,2.05903e-06,2350
-1.9877e-06,1.98909e-06,2400
-1.93813e-06,1.94069e-06,2450
-1.91406e-06,1.91648e-06,2500
-1.89947e-06,1.90026e-06,2550
-1.89193e-06,1.89298e-06,2600
-1.89048e-06,1.89081e-06,2650
-1.87425e-06,1.87435e-06,2700
-1.85797e-06,1.85914e-06,2750
-1.86496e-06,1.86496e-06,2800
-1.86767e-06,1.86929e-06,2850
-1.86735e-06,1.86735e-06,2900
-1.85896e-06,1.86037e-06,2950
-1.86026e-06,1.86119e-06,3000
-1.86703e-06,1.86883e-06,3050
-1.87804e-06,1.88046e-06,3100
-1.89083e-06,1.89085e-06,3150
-1.92254e-06,1.92254e-06,3200
-1.98389e-06,1.98389e-06,3250
-2.1006e-06,2.1006e-06,3300
-2.18205e-06,2.18205e-06,3350
-2.28792e-06,2.28792e-06,3400
-2.48112e-06,2.48112e-06,3450
-2.6371e-06,2.6371e-06,3500
-2.70636e-06,2.70636e-06,3550
-2.72793e-06,2.72793e-06,3600
-2.74896e-06,2.74896e-06,3650
-2.74516e-06,2.74516e-06,3700
-2.73699e-06,2.73699e-06,3750
-2.74595e-06,2.74595e-06,3800
-2.74493e-06,2.74493e-06,3850
-2.75624e-06,2.75624e-06,3900
-2.76395e-06,2.76395e-06,3950
-2.76702e-06,2.76702e-06,4000
-2.76228e-06,2.76228e-06,4050
-2.76645e-06,2.76645e-06,4100
-2.76288e-06,2.76288e-06,4150
-2.76553e-06,2.76553e-06,4200
-2.76021e-06,2.76021e-06,4250
-2.76298e-06,2.76298e-06,4300
-2.75779e-06,2.75779e-06,4350
-2.76338e-06,2.76338e-06,4400
-2.75817e-06,2.75817e-06,4450
-2.76122e-06,2.76122e-06,4500
-2.74676e-06,2.74676e-06,4550
-2.75652e-06,2.75652e-06,4600
-2.76299e-06,2.76299e-06,4650
-2.76839e-06,2.76839e-06,4700
-2.76357e-06,2.76357e-06,4750
-2.75607e-06,2.75607e-06,4800
-2.75847e-06,2.75847e-06,4850
-2.75496e-06,2.75496e-06,4900
-2.7565e-06,2.7565e-06,4950
-2.75742e-06,2.75742e-06,5000
-2.76566e-06,2.76566e-06,5050
-2.75387e-06,2.75387e-06,5100
-2.76054e-06,2.76054e-06,5150
-2.76322e-06,2.76322e-06,5200
-2.76828e-06,2.76828e-06,5250
-2.76278e-06,2.76278e-06,5300
-2.75782e-06,2.75782e-06,5350
-2.75382e-06,2.75382e-06,5400
-2.75327e-06,2.75327e-06,5450
-2.75698e-06,2.75698e-06,5500
-2.75585e-06,2.75585e-06,5550
-2.75901e-06,2.75901e-06,5600
-2.76375e-06,2.76375e-06,5650
-2.75233e-06,2.75233e-06,5700
-2.77212e-06,2.77212e-06,5750
-2.75946e-06,2.75946e-06,5800
-2.75841e-06,2.75841e-06,5850
-2.75528e-06,2.75528e-06,5900
-2.75979e-06,2.75979e-06,5950
-2.74734e-06,2.74734e-06,6000
-2.75746e-06,2.75746e-06,6050
-2.75629e-06,2.75629e-06,6100
-2.75438e-06,2.75438e-06,6150
-2.76167e-06,2.76167e-06,6200
-2.76281e-06,2.76281e-06,6250
-2.76076e-06,2.76076e-06,6300
-2.75586e-06,2.75586e-06,6350
-2.75978e-06,2.75978e-06,6400
-2.76315e-06,2.76315e-06,6450
-2.7594e-06,2.7594e-06,6500
-2.7566e-06,2.7566e-06,6550
-2.76002e-06,2.76002e-06,6600
-2.76268e-06,2.76268e-06,6650
-2.76828e-06,2.76828e-06,6700
-2.76439e-06,2.76439e-06,6750
-2.76125e-06,2.76125e-06,6800
-2.75647e-06,2.75647e-06,6850
-2.76036e-06,2.76036e-06,6900
-2.75367e-06,2.75367e-06,6950
-2.75985e-06,2.75985e-06,7000
-2.75902e-06,2.75902e-06,7050
-2.7562e-06,2.7562e-06,7100
-2.75786e-06,2.75786e-06,7150
-2.75611e-06,2.75611e-06,7200
-2.76326e-06,2.76326e-06,7250
-2.76068e-06,2.76068e-06,7300
-2.76115e-06,2.76115e-06,7350
-2.76439e-06,2.76439e-06,7400
-2.75328e-06,2.75328e-06,7450
-2.75589e-06,2.75589e-06,7500
-2.75881e-06,2.75881e-06,7550
-2.7622e-06,2.7622e-06,7600
-2.76444e-06,2.76444e-06,7650
-2.7697e-06,2.7697e-06,7700
-2.77113e-06,2.77113e-06,7750
-2.76862e-06,2.76862e-06,7800
-2.76716e-06,2.76716e-06,7850
-2.76674e-06,2.76674e-06,7900
-2.76863e-06,2.76863e-06,7950
-2.76205e-06,2.76205e-06,8000
-2.76797e-06,2.76797e-06,8050
-2.76795e-06,2.76795e-06,8100
-2.76744e-06,2.76744e-06,8150
-2.76316e-06,2.76316e-06,8200
-2.76884e-06,2.76884e-06,8250
-2.76149e-06,2.76149e-06,8300
-2.76397e-06,2.76397e-06,8350
-2.76791e-06,2.76791e-06,8400
-2.76815e-06,2.76815e-06,8450
-2.77391e-06,2.77391e-06,8500
-2.76331e-06,2.76331e-06,8550
-2.76708e-06,2.76708e-06,8600
-2.7637e-06,2.7637e-06,8650
-2.7696e-06,2.7696e-06,8700
-2.76397e-06,2.76397e-06,8750
-2.77319e-06,2.77319e-06,8800
-2.76377e-06,2.76377e-06,8850
-2.77024e-06,2.77024e-06,8900
-2.76802e-06,2.76802e-06,8950
-2.76642e-06,2.76642e-06,9000
-2.77267e-06,2.77267e-06,9050
-2.7592e-06,2.7592e-06,9100
-2.76063e-06,2.76063e-06,9150
-2.76759e-06,2.76759e-06,9200
-2.76467e-06,2.76467e-06,9250
-2.76247e-06,2.76247e-06,9300
-2.77097e-06,2.77097e-06,9350
-2.76815e-06,2.76815e-06,9400
-2.77074e-06,2.77074e-06,9450
-2.76159e-06,2.76159e-06,9500
-2.7655e-06,2.7655e-06,9550
-2.76569e-06,2.76569e-06,9600
-2.76874e-06,2.76874e-06,9650
-2.76342e-06,2.76342e-06,9700
-2.76784e-06,2.76784e-06,9750
-2.76761e-06,2.76761e-06,9800
-2.76992e-06,2.76992e-06,9850
-2.76084e-06,2.76084e-06,9900
-2.76445e-06,2.76445e-06,9950
-2.76349e-06,2.76349e-06,10000
-2.76906e-06,2.76906e-06,10050
-2.77258e-06,2.77258e-06,10100
-2.76884e-06,2.76884e-06,10150
-2.76187e-06,2.76187e-06,10200
-2.77517e-06,2.77517e-06,10250
-2.76404e-06,2.76404e-06,10300
-2.76681e-06,2.76681e-06,10350
-2.76538e-06,2.76538e-06,10400
-2.761e-06,2.761e-06,10450
-2.76074e-06,2.76074e-06,10500
-2.76604e-06,2.76604e-06,10550
-2.76679e-06,2.76679e-06,10600
-2.7677e-06,2.7677e-06,10650
-2.77033e-06,2.77033e-06,10700
-2.76536e-06,2.76536e-06,10750
-2.76425e-06,2.76425e-06,10800
-2.76805e-06,2.76805e-06,10850
-2.77114e-06,2.77114e-06,10900
-2.76916e-06,2.76916e-06,10950
-2.77262e-06,2.77262e-06,11000
-2.76685e-06,2.76685e-06,11050
-2.76155e-06,2.76155e-06,11100
-2.77262e-06,2.77262e-06,11150
-2.76401e-06,2.76401e-06,11200
-2.77197e-06,2.77197e-06,11250
-2.76255e-06,2.76255e-06,11300
-2.76959e-06,2.76959e-06,11350
-2.76457e-06,2.76457e-06,11400
-2.76695e-06,2.76695e-06,11450
-2.76974e-06,2.76974e-06,11500
-2.76983e-06,2.76983e-06,11550
-2.76674e-06,2.76674e-06,11600
-2.76501e-06,2.76501e-06,11650
-2.76728e-06,2.76728e-06,11700
-2.77158e-06,2.77158e-06,11750
-2.76805e-06,2.76805e-06,11800
-2.76072e-06,2.76072e-06,11850
-2.76205e-06,2.76205e-06,11900
-2.77006e-06,2.77006e-06,11950
-2.76699e-06,2.76699e-06,12000
-2.77322e-06,2.77322e-06,12050
-2.77345e-06,2.77345e-06,12100
-2.77243e-06,2.77243e-06,12150
-2.76894e-06,2.76894e-06,12200
-2.76248e-06,2.76248e-06,12250
-2.7668e-06,2.7668e-06,12300
-2.77174e-06,2.77174e-06,12350
-2.7713e-06,2.7713e-06,12400
-2.76446e-06,2.76446e-06,12450
-2.77107e-06,2.77107e-06,12500
-2.76534e-06,2.76534e-06,12550
-2.76273e-06,2.76273e-06,12600
-2.76961e-06,2.76961e-06,12650
-2.76164e-06,2.76164e-06,12700
-2.76496e-06,2.76496e-06,12750
-2.76837e-06,2.76837e-06,12800
-2.76858e-06,2.76858e-06,12850
-2.76833e-06,2.76833e-06,12900
-2.76396e-06,2.76396e-06,12950
-2.76419e-06,2.76419e-06,13000
-2.76447e-06,2.76447e-06,13050
-2.77245e-06,2.77245e-06,13100
-2.76578e-06,2.76578e-06,13150
-2.76677e-06,2.76677e-06,13200
-2.77051e-06,2.77051e-06,13250
-2.76971e-06,2.76971e-06,13300
-2.76578e-06,2.76578e-06,13350
-2.7733e-06,2.7733e-06,13400
-2.76771e-06,2.76771e-06,13450
-2.77351e-06,2.77351e-06,13500
-2.76326e-06,2.76326e-06,13550
-2.76642e-06,2.76642e-06,13600
-2.77067e-06,2.77067e-06,13650
-2.77058e-06,2.77058e-06,13700
-2.76688e-06,2.76688e-06,13750
-2.76926e-06,2.76926e-06,13800
-2.76462e-06,2.76462e-06,13850
-2.76667e-06,2.76667e-06,13900
-2.77004e-06,2.77004e-06,13950
-2.76772e-06,2.76772e-06,14000
-2.76826e-06,2.76826e-06,14050
-2.76862e-06,2.76862e-06,14100
-2.76002e-06,2.76002e-06,14150
-2.76738e-06,2.76738e-06,14200
-2.76006e-06,2.76006e-06,14250
-2.76713e-06,2.76713e-06,14300
-2.76763e-06,2.76763e-06,14350
-2.76736e-06,2.76736e-06,14400
-2.77311e-06,2.77311e-06,14450
-2.76557e-06,2.76557e-06,14500
-2.76783e-06,2.76783e-06,14550
-2.77185e-06,2.77185e-06,14600
-2.76041e-06,2.76041e-06,14650
-2.76649e-06,2.76649e-06,14700
-2.76628e-06,2.76628e-06,14750
-2.76595e-06,2.76595e-06,14800
-2.76728e-06,2.76728e-06,14850
-2.76672e-06,2.76672e-06,14900
-2.76086e-06,2.76086e-06,14950
-2.76442e-06,2.76442e-06,15000
-2.76709e-06,2.76709e-06,15050
-2.77282e-06,2.77282e-06,15100
-2.76907e-06,2.76907e-06,15150
-2.76838e-06,2.76838e-06,15200
-2.75871e-06,2.75871e-06,15250
-2.76801e-06,2.76801e-06,15300
-2.77087e-06,2.77087e-06,15350
-2.76776e-06,2.76776e-06,15400
-2.76537e-06,2.76537e-06,15450
-2.76708e-06,2.76708e-06,15500
-2.76547e-06,2.76547e-06,15550
-2.77064e-06,2.77064e-06,15600
-2.77078e-06,2.77078e-06,15650
-2.7661e-06,2.7661e-06,15700
-2.76842e-06,2.76842e-06,15750
-2.76809e-06,2.76809e-06,15800
-2.76772e-06,2.76772e-06,15850
-2.76796e-06,2.76796e-06,15900
-2.76946e-06,2.76946e-06,15950
-2.76373e-06,2.76373e-06,16000
-2.77111e-06,2.77111e-06,16050
-2.76665e-06,2.76665e-06,16100
-2.76703e-06,2.76703e-06,16150
-2.77002e-06,2.77002e-06,16200
-2.77795e-06,2.77795e-06,16250
-2.76525e-06,2.76525e-06,16300
-2.76895e-06,2.76895e-06,16350
-2.76621e-06,2.76621e-06,16400
-2.76536e-06,2.76536e-06,16450
-2.77292e-06,2.77292e-06,16500
-2.76298e-06,2.76298e-06,16550
-2.76732e-06,2.76732e-06,16600
-2.76148e-06,2.76148e-06,16650
-2.76502e-06,2.76502e-06,16700
-2.76496e-06,2.76496e-06,16750
-2.77021e-06,2.77021e-06,16800
-2.76323e-06,2.76323e-06,16850
-2.75839e-06,2.75839e-06,16900
-2.76699e-06,2.76699e-06,16950
-2.76488e-06,2.76488e-06,17000
-2.76158e-06,2.76158e-06,17050
-2.75736e-06,2.75736e-06,17100
-2.76781e-06,2.76781e-06,17150
-2.76588e-06,2.76588e-06,17200
-2.76492e-06,2.76492e-06,17250
-2.768e-06,2.768e-06,17300
-2.76999e-06,2.76999e-06,17350
-2.76941e-06,2.76941e-06,17400
-2.76378e-06,2.76378e-06,17450
-2.76221e-06,2.76221e-06,17500
-2.77276e-06,2.77276e-06,17550
-2.76742e-06,2.76742e-06,17600
-2.76477e-06,2.76477e-06,17650
-2.7639e-06,2.7639e-06,17700
-2.76473e-06,2.76473e-06,17750
-2.77483e-06,2.77483e-06,17800
-2.77155e-06,2.77155e-06,17850
-2.76885e-06,2.76885e-06,17900
-2.76744e-06,2.76744e-06,17950
-2.75836e-06,2.75836e-06,18000
-2.77361e-06,2.77361e-06,18050
-2.76548e-06,2.76548e-06,18100
-2.77002e-06,2.77002e-06,18150
-2.77003e-06,2.77003e-06,18200
-2.76794e-06,2.76794e-06,18250
-2.76908e-06,2.76908e-06,18300
-2.76434e-06,2.76434e-06,18350
-2.7691e-06,2.7691e-06,18400
-2.7651e-06,2.7651e-06,18450
-2.75822e-06,2.75822e-06,18500
-2.76831e-06,2.76831e-06,18550
-2.76566e-06,2.76566e-06,18600
-2.7652e-06,2.7652e-06,18650
-2.76233e-06,2.76233e-06,18700
-2.76839e-06,2.76839e-06,18750
-2.7608e-06,2.7608e-06,18800
-2.77114e-06,2.77114e-06,18850
-2.76262e-06,2.76262e-06,18900
-2.76252e-06,2.76252e-06,18950
-2.76371e-06,2.76371e-06,19000
-2.76644e-06,2.76644e-06,19050
-2.77582e-06,2.77582e-06,19100
-2.76669e-06,2.76669e-06,19150
-2.76486e-06,2.76486e-06,19200
-2.76343e-06,2.76343e-06,19250
-2.76962e-06,2.76962e-06,19300
-2.77019e-06,2.77019e-06,19350
-2.76616e-06,2.76616e-06,19400
-2.77417e-06,2.77417e-06,19450
-2.76233e-06,2.76233e-06,19500
-2.75984e-06,2.75984e-06,19550
-2.76618e-06,2.76618e-06,19600
-2.77299e-06,2.77299e-06,19650
-2.76532e-06,2.76532e-06,19700
-2.76474e-06,2.76474e-06,19750
-2.76791e-06,2.76791e-06,19800
-2.76295e-06,2.76295e-06,19850
-2.76771e-06,2.76771e-06,19900
-2.77689e-06,2.77689e-06,19950
-2.76683e-06,2.76683e-06,20000
